euler - exist
4
0 1 1 0
1 0 0 1
1 0 0 1
0 1 1 0

euler - not exist
4
0 1 0 0
1 0 1 1
0 1 0 0
0 1 0 0

mst - 15
6
0  4  0  0  0  0  
4  0  2  6  0  0  
0  2  0  0  5  0  
0  6  0  0  3  7  
0  0  5  3  0  1  
0  0  0  7  1  0  

max flow - 16
6
0   16   13   0    0    0
16   0   10  12    0    0
13  10    0   0   14    0
 0  12    0   0    0   20
 0   0   14   0    0    4
 0   0    0  20    4    0


path cover-
(0 -> 1 -> 2)
(3 -> 4)
(5)

6
 0 1 0 0 0 0
1 0 1 0 0 0
0 1 0 0 0 0
0 0 0 0 1 0
0 0 0 1 0 0
0 0 0 0 0 0
